...27-

in. αὖθις δ’ - Τίτος ἐκέλευσε μετὰ τοῦ Ἰωσήπου περιελ-
θόντας τὸ τεῖχος ὀφθῆναι τῷ δήμῳ. VII, 6, 5, 15 τούς δὲ
πεζοὺς ἐκέλευσε δενδροτομεῖν τὴν ὓλην.

Contr. Ap. I, 257 ὃ μὲν γάρ αὐτὸν ἐκέλευσεν ἐξορίσαι
τῆς Αἰγύπτου τούς λελωβημένους.

Praeterea κελεύειν cum accusativo coniungitur permultis
1003, quos ne sim longus numeris tantum afferam. Hi sunt:

Antt. Ι, 209. 217. 224. 267. 269. 328. 335. ΙΙ, 185. 206.
227. 241. 268. 269. 272. 274. 285. 288. 298. 307. 311. 339.
ΙΙΙ, 35. 48. 50. 54. 75. 91. 210. 244. 278. IV, 67. 70. 113.
ΙΙ, 191. 202. 330. 345. ΙΙΙ, 53. 76, 83. 115. 122132. 161.
166. 167. 199. 221. 249. 299. 318. 870. VII, 114. 115, 132.
136. 144. 165. 170. 208. 214. 222. 329. 337. 362. 371. 381.
VIII, 54. 207. 330. 334, 336. 339. 340. 344. 345. 352. 358.
395. 415. IX, 23. 48. 90. 122. 151. 155. 163. Χ, 54. 57.
59. 60. 62. 94. 123. 178, 195. XI, 4, 4, 25. 5, 7, 25. 5, 8
p. 30, 21. 5,8p.31, 11. 6,1p.32,23. 6,0p. 41, 7.
6, 10p.43, 12. 0, 12 p. 45, 31. 6, 12 p. 47, 18. 8, 2, 24.
8, 6, 23. XII, 2‚2p. 02, 32. 2, 10 p. 73, 7. 2, 11 p. 7323.
3,4 p. 82, 6. 4,3p.80‚15. 4,8, 15. 5,4p. 90, 6,
6,2 p. 101,13. 7,4, 5. 8, 3, 1. 9,2,22. 9, 4, 17.
9, 6, 30. 9, 7,16. 11, 2 p. 127, 31. XIII, 4, 4514417,
4,9ρ.148,31. 6,4,10. 12,6,25. 13,1,12. 16,2
p. 19713. 16, 5 p. 200, 32. XIV, 3,2p. 208, 4. 7, 4, 27.
11, 6, 22. 13,9,24.14,1,15. 15,4p. 271, 9. 15, 13, 1.
XV, 3,5, 19. 7,4p. 318, 27. 11, 4, 22. XVI, 10, 7, 30.
11,3,2. XVII, 5, 1, 17. 5,6p. 84, 28. 5, 8, 17. 7p. 95, 8.
XVIII, 5, 2, 17. 5, 3 p. 145,15. 6, 2, 25. 6, 3 p. 150, 29.
6,6ρ.156,13. 6, 8, 25. 6,0p. 161,1. 6101116418.
8, 7 p. 175, 22. 8, 8 p. 176, 28. 8, 9, 19. XIX, 1, 5, 10.
1, 9, 29; 4, 3, 22. XX, 4, 3, 32. 5, 3, 1. 8, 4, 3. 8, 6, 28.

Vit.:26,10. 32, p. 312, 11. 32, p.313, 11. 33, 24.
36, 32. 3912. 39, 29. 44 p. 322, 8. 82, 9. 56,1. 5612.
58,14. 58,16. 60,1. 60, 7. 02 p. 336, 28. 62, 4.
62, 21. 63,11. 64, 32. 67, 32.

Bell.: ΙΙ, 13, 7, 20. 14, 7, 30. 18, 3, 20. 18, 8, 30.
2055111. 21,10, 18. ΙΙΙ, 7,25, 13. 10, 6, 26. V, 1,

 

